.Random.seed <-
c(403L, 89L, 1711149273L, 16668865L, -1258099926L, -774367449L, 
-1125837983L, -864791177L, 669758973L, -433827414L, -1073875200L, 
-295515676L, 174723277L, 2089975526L, -1479474708L, -897172610L, 
-1676645801L, 339445641L, -1764242232L, 431903928L, -1817285946L, 
1110884000L, -1747041872L, -1830359877L, 722191680L, -1287758643L, 
-133504077L, 1306852123L, -365278554L, 1381701131L, -885443166L, 
281966148L, 1242434156L, -2050729205L, 1354882734L, 1076402939L, 
105809014L, -1318685437L, -2028724857L, -110057945L, 2007840047L, 
-1625072464L, -181207885L, -2133331204L, -2065685767L, 717277670L, 
342533655L, 629898645L, 1611913903L, -1207506015L, 1794407447L, 
2995019L, 244174491L, -1922648711L, -530976357L, -1733491699L, 
162829315L, -622088938L, 540152618L, 1251463076L, -952823139L, 
174326593L, -1904646029L, 333707101L, 1852577889L, -1603310394L, 
-713746620L, -2119685366L, -2122773243L, 82202241L, 1399010127L, 
-2144696667L, -1799719941L, 1380432074L, -587519566L, -1767244013L, 
158079253L, -450807169L, -1193301769L, 1102827068L, -968280005L, 
-701097234L, -1327002101L, 1563402517L, 602250621L, -1003038602L, 
519152978L, 1409836169L, 1169332060L, 204742641L, -849152985L, 
16409406L, -94377133L, 526104994L, -683536221L, 818927763L, -541946688L, 
-225165602L, -168263875L, 700897432L, -683148366L, 1993983636L, 
279209097L, 1016943380L, 1733344562L, -517348635L, 205779619L, 
-585161816L, 478093984L, 1569033671L, -1725335525L, 2098763053L, 
812496626L, -1236346783L, -179100558L, -664314914L, 587664154L, 
-1611364121L, 171633256L, -1173519155L, 1868627198L, -106236347L, 
-294970581L, 1449959246L, -1852199553L, 87443119L, -119963048L, 
1924414003L, -233019983L, -1219694749L, 1667420833L, 2122672989L, 
-1957433174L, 1789042645L, -2034834832L, 1716836128L, 1957992664L, 
-1600212070L, 976279708L, 502290236L, -2107455841L, 694574645L, 
-1131911292L, -1566109569L, -1732226915L, 972607772L, -574610170L, 
411375783L, -695635457L, -788960772L, -1250040585L, -1598566138L, 
-1806237862L, -230345746L, 1617234120L, -2099543649L, 2081809621L, 
1225137657L, -30814135L, -1351404011L, 343796651L, 1069293250L, 
-1622733837L, -1088438237L, -29163690L, 1306843543L, 2052250931L, 
-557975750L, -1826720106L, 1211667972L, 550265783L, 1270874301L, 
373287734L, -487513997L, 2004855623L, 1454857477L, 530949866L, 
-102577644L, -222396383L, 1193746202L, -1490967739L, -886650023L, 
-903714356L, 1769257412L, -535897897L, 304827780L, -1000576940L, 
-778829448L, 154866096L, -1593245547L, -131531823L, 1424166378L, 
-1386229550L, 1498153224L, -325405335L, 1408302626L, 1590397292L, 
-1126271810L, 371459290L, 52056491L, -313312198L, -959284847L, 
748852499L, 426348613L, -905335510L, -662004774L, 1607466273L, 
712082651L, 268857494L, -155904652L, -2127915371L, 866474510L, 
-59609046L, 884712906L, -1151867692L, -1193606252L, 986747653L, 
-962639586L, 1995180212L, 639435146L, 1896661409L, -1367726053L, 
-724344878L, -137514362L, 1318395593L, 22966923L, 1704986938L, 
-803954298L, 288372581L, -70867511L, -1951960247L, -1365500681L, 
870656146L, 1297614157L, -87048485L, -1742647579L, -1504159611L, 
351518855L, 1976718827L, -1981589539L, 1786503004L, 1744840560L, 
1301079488L, 1912387648L, -89798227L, 313075667L, -460327448L, 
-1818009719L, -711515463L, 1804754774L, 1146484721L, 458659159L, 
-77359397L, -835239772L, -780149109L, -1068982732L, 1623908551L, 
-732616794L, -600073444L, -1332247322L, -1376585567L, -2034438206L, 
1392857536L, 1455660334L, 1093056691L, -1727019260L, 754432806L, 
1883262083L, 277232730L, -903388969L, 928746836L, 68974949L, 
2077757784L, -1518585190L, 2033790173L, 1759710231L, -634143878L, 
1740250576L, -1245861698L, -1497362715L, 286794185L, -1720721862L, 
637926877L, -672438973L, -1250815673L, -680345453L, -843238256L, 
-2112326528L, -450281889L, 95365975L, 1580075949L, 2064391371L, 
745353557L, 1339165715L, 1857768491L, -258916779L, 1183708627L, 
-316583855L, 35643624L, -2090173341L, 699472259L, 1669503287L, 
907119115L, -146695103L, 186319536L, -560374365L, -732726183L, 
1705107397L, 1714945721L, -1142299578L, -107623466L, -672847783L, 
1642479555L, -1192826182L, 150445077L, -2053067787L, 2061010774L, 
1445877659L, 140377454L, -1374401626L, -142146830L, 352365531L, 
-1562162746L, 674931139L, 1436356540L, 1037065303L, 1674117957L, 
-595700366L, 276550524L, -214889245L, -415941396L, -2117225309L, 
-777784165L, -1083192797L, -690610945L, 955669976L, -180337350L, 
-2055201956L, 1997915920L, 1987466298L, -2064272539L, -1935694276L, 
-1255677542L, 1451894696L, 1452084971L, -1709600738L, 1346892299L, 
685123709L, -1024643832L, 1581390877L, 1842845154L, -103372117L, 
749928630L, 2111129282L, 1701561641L, 1697673438L, 1469469081L, 
1039022341L, 1995457178L, -35325974L, 519249194L, 305844798L, 
-1737467056L, -1091773048L, -90587955L, -1964248265L, 1014059692L, 
-817110871L, -1770536849L, -1722830823L, 432698189L, 1752056245L, 
1178129618L, 2065250521L, -1451780584L, -724450459L, 1547443173L, 
-199002968L, 1349217829L, -1608844860L, -409478312L, -1370946904L, 
1495459558L, -122314491L, -1503276249L, 1311282813L, -159065088L, 
-193667372L, 524273452L, 1343550819L, 1900727490L, 250646093L, 
-1147531238L, 1569552826L, -1452265356L, 645496232L, -848133501L, 
586427337L, 1746324613L, 700387129L, 491897831L, -1979124016L, 
624567045L, -1649333411L, 1619044434L, -1063515549L, -1018022914L, 
-809704943L, -157508914L, 1084910996L, 511231495L, 1792104539L, 
2080261892L, 217522755L, 1893885963L, 784214120L, -262714740L, 
725274916L, -1152504503L, 1713191024L, -258476503L, -324866648L, 
109497849L, 121406811L, 1197057555L, 416737675L, -932496165L, 
-1529307148L, 2061548853L, 678628957L, -425821841L, -848584798L, 
282464843L, 605559311L, -1301889082L, 220964387L, -2104314994L, 
-1969255504L, -396287669L, 1273191252L, -409233113L, 1672398566L, 
-1488630827L, -390308689L, -1251695524L, 1634163092L, 1934229781L, 
665382655L, 67916035L, 1130474663L, -1896711053L, 1750239578L, 
-517570183L, 551867881L, -1456982278L, -141699918L, -1821998243L, 
1269619048L, -565895743L, -169963282L, 799432942L, 1053154898L, 
703610733L, 1770937933L, -807915241L, -925174888L, -1613482500L, 
988730048L, 496669986L, -518727574L, 862639253L, 975750532L, 
-145944223L, -2116187713L, 290256073L, 2047023351L, -403846318L, 
317639628L, 60768077L, -381246975L, 1369452289L, 1963388785L, 
-1544351094L, 1591105192L, 1663216814L, 1010588587L, -101393072L, 
1615851649L, -1503207331L, -1353024255L, -1390375301L, 1891448741L, 
286529246L, 1472902007L, 1064215365L, -1336131756L, 1880149550L, 
1536272652L, -1586158823L, 1327080455L, 848344515L, -731911491L, 
16625562L, 675469564L, -2076638599L, 2083095273L, -680810044L, 
1591020891L, 51767256L, -643759406L, 1722350930L, -633770962L, 
822322550L, -1418910513L, 73435245L, 1197086672L, 213051096L, 
-759368898L, 1341363424L, -29630566L, 2084381042L, -1599665897L, 
661468674L, 1722653068L, -26511174L, 250804636L, -1682452915L, 
1244239200L, 1671726134L, 766109357L, 1822734222L, 1620829799L, 
-1364880112L, -436542721L, -250752382L, 1908749074L, 1363545697L, 
526308329L, 299818947L, 2092665705L, 1502732718L, 1984860814L, 
629654655L, -1632031797L, 528994007L, 270964625L, -1897605962L, 
-339121948L, 989382985L, -575134415L, 1065363527L, 101562166L, 
1479352727L, 747755999L, 1573437882L, 924330513L, -1312648255L, 
-1492485298L, 1093740208L, -1039682034L, -1091737777L, 526600113L, 
916594450L, -518620891L, -798265784L, 518183038L, -246087770L, 
-2131342097L, 1432389557L, -1881515422L, 1112249893L, 711854417L, 
-983050787L, -1835379173L, -1857967542L, 2023376318L, -915696409L, 
1487373723L, 96299L, -1810353570L, 1798544445L, 2101025977L, 
-889859125L, 1794512879L, 1867404826L, 1798059238L, 1235599046L, 
168005695L, -148528148L, -2043341653L, -1225985126L, 1965579940L, 
1553470321L, -598142776L, 1483829667L, -723935046L, 205228512L, 
